7.92917354408 7.66776352556 7.36551316347 
5.94589668076 5.70542205785 5.46615188312 
4.40834715626 4.18532890286 3.9617939181 
3.08519796444 2.89220032507 2.72124498389 
2.05150839414 1.90174218375 1.77947513473 
1.36685491025 1.22399502157 1.12018297468 
0.829966029973 0.72965540774 0.663591955591 
0.609891088078 0.51694569265 0.47970150285 
6.46644343333 5.83164533443 5.10944301445 
4.80555668771 4.30302020531 3.71241932414 
3.51365135642 3.04874289377 2.58657183892 
2.31220896302 1.953151421 1.6614141939 
1.54467927097 1.25568212417 1.03980997136 
0.937571436136 0.716170574346 0.568600671997 
5.08815513325 4.24933456117 3.44995498614 
3.66731252475 2.96225518485 2.36425775179 
2.60702651138 2.05660028363 1.58429117394 
1.53701092688 1.24741929772 1.03811696364 
1.01700470664 0.716386581134 0.53965975898 
5.75574614377 4.52175892112 3.31176065697 
3.88457784977 2.94129167101 2.13174665703 
2.89614165065 2.08738120564 1.47899508601 
1.94075598377 1.31558343967 0.899940021053 
5.70920481507 4.24118926128 2.95480261527 
4.42912126165 3.13896127685 2.0836913138 
3.07267730371 2.04392913727 1.34009906369 
2.26072644536 1.39737182052 0.846765920666 
4.52610048628 3.05106831395 1.92415902062 
3.47608303833 2.13954775141 1.21962305264 
2.2584532032 1.29697659285 0.740238415808 
7.47863400029 7.33642064336 7.15567458621 
5.42507767323 5.30369033049 5.13339985962 
4.05983295521 3.94082264807 3.80364629756 
2.8455560303 2.74652683605 2.63835120624 
1.88254371165 1.80345646471 1.72601716574 
1.25360751519 1.18742862988 1.12077989353 
0.695927539687 0.644791746698 0.614492306204 
0.56868072476 0.524720584396 0.487300989126 
7.74846256704 7.437093846 6.93749023764 
5.63992606788 5.38376814236 5.05233472865 
4.12949095122 3.90489437521 3.60438742144 
3.01121276234 2.82263273474 2.61819850805 
1.99468769349 1.85003133858 1.6937356958 
1.3631799278 1.22159005484 1.08304624451 
0.800343306077 0.696581692084 0.598484657442 
0.59584007907 0.515622745018 0.460916584385 
6.2977003197 5.67620978209 4.76404604712 
4.55139985864 4.05007104619 3.39411826362 
3.24827696044 2.83760352749 2.34295613342 
2.17387890854 1.84782743943 1.47694034055 
1.47876907194 1.2092542081 0.929622424385 
0.911410690054 0.716741856652 0.535497935752 
4.89197668078 4.09050432954 3.08893610738 
3.48439155981 2.85454829166 2.09327551611 
2.39910868381 1.88204692201 1.30463246607 
1.64466555606 1.23977574405 0.826011662526 
1.03698240714 0.723193822282 0.467435978454 
5.37776829126 4.22740734094 2.85442817516 
3.86288549324 2.94459489048 1.92833462188 
2.72927191382 2.0009555733 1.20787242884 
1.80489639174 1.24480924682 0.730575301049 
5.58169347568 4.1236715582 2.52923133866 
4.16307893581 2.99146382361 1.70982646283 
2.94480443814 1.99102147254 1.05853230673 
2.15631781533 1.34867679958 0.633123723777 
4.4543337319 2.99960874838 1.54578021133 
3.27516982121 2.04151115709 0.951216791503 
2.24841732048 1.30055431408 0.534181484738 
4.64473454363 3.02564756523 1.46631489655 
3.48316143785 2.1196586694 0.931720218853 
2.33683452381 1.29003108331 0.485741095916 
7.85729733478 7.57967335508 7.01603173084 
5.78088188815 5.57353142231 5.12293005144 
4.23138455048 4.01621470496 3.66442315224 
3.01278000083 2.82072606457 2.52046221932 
2.05946903312 1.90696913571 1.69893123446 
1.34978453006 1.22303626607 1.05739457066 
0.796985627109 0.69938713336 0.584543719409 
0.635785030378 0.55586032099 0.473390936285 
6.18245772984 5.56000974931 4.42781357702 
4.59599793002 4.10685919014 3.29194208112 
3.29269129228 2.89496640716 2.24221458869 
2.20638741677 1.90089200751 1.46286699535 
1.47657373821 1.21941332953 0.88686756535 
0.923361231051 0.723423900048 0.485903706485 
4.93009082203 4.17125902809 2.94200326965 
3.50326749293 2.8813143097 1.93352133573 
2.36037620554 1.87456395372 1.18935200502 
1.52057043934 1.16098907038 0.700345358892 
0.962287913717 0.705794945104 0.412535295335 
5.36461240143 4.29523057211 2.57385318042 
3.70029492808 2.87884750433 1.65713041108 
2.56475163264 1.89584988554 1.00360736789 
1.84174545006 1.27996323764 0.642846560892 
5.6668615706 4.27121555483 2.22205846979 
4.13605038024 3.00025569999 1.43069400631 
3.08270504814 2.12225387983 0.911412374698 
2.03323219191 1.32487530312 0.526334148511 
4.38814728992 3.01229825622 1.18583222672 
3.33570818452 2.16013964587 0.817719486275 
2.14991210605 1.3325649029 0.462619581778 
7.59408554949 7.46096759748 7.06300484898 
5.65662482869 5.54346683608 5.25057598037 
4.23775401915 4.12211973792 3.82282097176 
2.93252867132 2.83667251929 2.66273450239 
2.03047098922 1.95577997708 1.82283660392 
1.30484094308 1.23377215481 1.1372403377 
0.785890891809 0.73554606147 0.65498541431 
0.575407339492 0.525699049624 0.471745217571 
7.79125295904 7.51764128735 6.75785832027 
5.96059483019 5.71599418949 5.1876931895 
4.4944718926 4.25832671764 3.70240881374 
3.15040803736 2.95819940023 2.56395322382 
2.12082288121 1.96214100368 1.6675416061 
1.35969473407 1.24140392745 1.02659728709 
0.87112663668 0.775850391996 0.59553559494 
0.658913547665 0.562472543662 0.447486275508 
6.51799914131 5.90246833543 4.43057865868 
4.63359659334 4.16776498824 3.12336624555 
3.3840283774 3.006677784 2.12146846703 
2.32974090362 2.00499348849 1.37124366967 
1.48360993357 1.22386598403 0.798360594446 
0.929531817497 0.743306889974 0.456290230387 
6.53054305274 5.61010634412 3.52785502601 
4.86544999189 4.1290145323 2.55500030002 
3.46472080183 2.88866712863 1.71115271988 
2.38277634747 1.91494120439 1.03525249749 
1.62907186175 1.24998092534 0.643288222025 
6.91427409791 5.74696279186 3.16125489015 
5.19367759749 4.20931067528 2.15451086491 
3.81808500369 3.01820749084 1.46932705976 
2.71997426624 2.04946077286 0.853947457213 
1.80329730097 1.32286689673 0.536126154167 
5.57449968375 4.27711401008 1.78744641243 
4.05263752028 3.03093104102 1.134502008 
2.96414518835 2.10744193098 0.698222603546 
5.87737455105 4.37363434488 1.52122330498 
4.37180021085 3.10413212022 0.883983287847 
3.10422537889 2.11385714512 0.567463293491 
7.64010038114 7.37955832644 6.34962121234 
5.8694493825 5.67889672784 4.91187735983 
4.09987100014 3.92354420173 3.3648479877 
2.92317944216 2.76355929872 2.29080190752 
2.04950132584 1.91628813238 1.55239343518 
1.343207859 1.2214790292 0.937537359698 
0.816988895446 0.733519243992 0.545686692978 
0.626078095994 0.55500168683 0.42593507119 
6.03252753619 5.50465114354 3.89822078463 
4.67417872301 4.24864802085 2.94996131002 
3.11455306766 2.79350765475 1.91021240493 
2.16261094811 1.89008599148 1.17730810661 
1.48769025212 1.2575483608 0.739263797367 
6.47484786578 5.65476459947 3.35592288706 
4.75146678809 4.09675406863 2.25849044234 
3.41207681583 2.89065304703 1.52432431178 
2.39817275701 1.98116066994 0.970034962387 
1.51987917697 1.19813068736 0.500926251548 
6.87386943113 5.78161778974 2.79925590866 
5.03765415585 4.17204944508 1.85504858336 
3.67062479295 2.95959299425 1.22346818003 
2.48676221564 1.97089544779 0.729862042071 
1.75627956397 1.35056948639 0.496293363815 
5.28790044784 4.16779301976 1.45464764944 
3.88085641854 2.97705273305 0.900618502999 
2.59753396967 1.94696650158 0.557516891742 
5.68213202423 4.32392867009 1.12727268586 
4.09798199846 3.00008587217 0.627566788861 
4.19558605007 3.01688045489 0.484292449059 
7.39917844074 7.29658203894 6.6256388034 
5.70686821203 5.63693922764 5.13231732143 
4.07065910979 3.98873990578 3.58858778609 
2.90708112602 2.82436668484 2.52263385243 
1.93419683854 1.87639081423 1.67993640012 
1.19860471439 1.15401589974 1.00329162422 
0.710944354912 0.676741691864 0.571398218831 
0.556414472531 0.527000864786 0.462133629077 
7.7885710505 7.55191058544 6.27950349779 
5.7213348621 5.55507400254 4.65946026355 
4.25218358438 4.08162406005 3.3600376676 
2.94595091617 2.80503018333 2.23747859671 
1.97991044886 1.8643728276 1.45152703477 
1.28838811781 1.1964669454 0.887565492094 
0.752496399707 0.67772764581 0.488431940515 
7.85434867482 7.43186106339 5.30541463556 
6.03612423245 5.61193185213 3.75727698698 
4.4282972519 4.09037053799 2.70633377342 
3.10955645836 2.83481846884 1.75262091388 
2.10864575493 1.88673696785 1.1050769053 
1.42015748196 1.2290594514 0.651942434296 
6.15925225327 5.50595013764 2.9283925821 
4.65764988412 4.13402984563 2.10765188256 
3.24976679296 2.82293284944 1.31236699934 
2.20515050618 1.87248240958 0.771439893598 
1.47520247543 1.23149345767 0.500274391269 
6.55614243448 5.69129367863 2.35910860964 
4.80994006432 4.12861724941 1.5769329939 
3.43889826208 2.88580699907 1.00730672154 
2.37851875309 1.95580235611 0.600202609928 
4.98561227074 4.11394927963 1.18075802206 
3.57295339865 2.87928932551 0.691722149752 
5.29781836759 4.23542204692 0.857078043266 
3.79774690784 2.99897027225 0.598162617891 
7.75320589717 7.55934572997 5.99117843904 
5.59725738067 5.43531332964 4.43004198182 
4.12671405912 3.99421527078 3.13885185527 
2.85524322634 2.73928497955 2.12022320203 
2.00416149085 1.9114605366 1.46352827654 
1.2811124639 1.20933890624 0.859156899221 
0.729249222145 0.671783374512 0.48506055759 
7.68924498904 7.32414096414 4.62161610883 
5.80827125701 5.49786683496 3.45085449048 
4.06285623448 3.81222997529 2.36404045551 
3.05595868384 2.84454933786 1.68978809144 
2.06085090287 1.88391974766 1.035460196 
1.32078869587 1.18059427519 0.563831639485 
6.08463260137 5.60611600315 2.82698951086 
4.39894027179 4.00211289446 1.85704910352 
3.28561246036 2.93604192276 1.23597574009 
2.1991402644 1.93552574339 0.735472204938 
1.41317868418 1.22050338774 0.480472517637 
6.39937956531 5.74324719558 2.12965898871 
4.78840730232 4.25211065861 1.46698459376 
3.29952153834 2.87161669325 0.871030292933 
2.31164856209 1.95546279998 0.529859441161 
6.47145176934 5.68396881363 1.54080088526 
4.74220238133 4.08781646082 0.97292532079 
3.39768612828 2.85794559497 0.580888110124 
4.88499279443 4.13210812489 0.657530657846 
7.23551580393 7.19195923012 6.33978395186 
5.56486972401 5.52531084119 4.87859790654 
3.98824989059 3.95332360259 3.48004235462 
2.81966771422 2.79155168262 2.41970754206 
1.91156628631 1.87815802475 1.61914955989 
1.21048833914 1.18457877738 0.989305736405 
0.706867662755 0.68943415723 0.570558669462 
0.503886511979 0.487205837894 0.406253232587 
7.33263105086 7.22730970529 5.51408578651 
5.48684453235 5.41456845985 4.2003978887 
4.00470646356 3.94174006105 3.01509849519 
2.92498076795 2.86646358699 2.1278495603 
1.9330857574 1.87413004556 1.34506243705 
1.25031515041 1.20204481035 0.815635789312 
0.704859360535 0.667458816188 0.44588617878 
7.72817201464 7.527537143 4.44300425395 
5.69828089034 5.5310944215 3.30403416631 
4.20838644268 4.07826642116 2.32640779039 
2.90757463701 2.77374906278 1.54005051868 
1.98534141589 1.88076088533 0.94338108183 
1.33473530423 1.23955337089 0.560032509983 
5.92299876239 5.63733169957 2.60070919179 
4.37640321946 4.11689732194 1.74472337175 
3.053754976 2.84057713613 1.11367272307 
2.08924851207 1.91022058557 0.630399752244 
6.08747166354 5.66535804406 1.87718780119 
4.3300850539 4.00908263992 1.2318036251 
3.12065913466 2.84424698924 0.746337926767 
2.20393038466 1.98144910773 0.52842493875 
6.13997687679 5.6107455258 1.34758677181 
4.53557172017 4.12190464517 0.869364553596 
3.19071685748 2.8469886387 0.519208060112 
4.69551409286 4.18831337628 0.570424590252 
7.4633030106 7.47371099732 5.66963332126 
6.22938835486 6.24157422951 4.75579153981 
5.54523645392 5.58127848546 4.20138874799 
4.02003662583 4.02021261822 2.934812232 
2.78949855612 2.77457124682 2.02142745515 
1.91334605449 1.89343617227 1.35917981429 
1.18028962585 1.16196640309 0.77619709942 
0.732182269768 0.711963985962 0.455523467019 
7.59794628279 7.58619640353 4.45357273629 
6.36412552996 6.33979989726 3.66688146373 
5.50841484124 5.48590842531 3.15802058805 
4.01814482276 3.97225317195 2.18850278037 
2.88477257508 2.84338485736 1.46276002989 
1.92447223924 1.87699823333 0.887994669408 
1.22442411499 1.17946742095 0.473479708253 
7.45994694603 7.35652616025 3.25245287788 
6.56164954671 6.46450180892 2.81226358584 
5.35839262292 5.29005889099 2.16964130671 
4.06720061424 3.97148134316 1.5802157946 
2.93846395601 2.85345170805 0.998779300644 
2.02478056633 1.93833877846 0.618386274849 
6.59117929652 6.43183247835 2.08841652846 
5.73969280753 5.59515594 1.76623886827 
4.14955561323 4.00836100836 1.09506863016 
3.01792730715 2.87350558216 0.686003333625 
6.83497439339 6.6425350818 1.6260898079 
5.94941321778 5.71796700135 1.2318456459 
4.32550902165 4.16000462695 0.795353552131 
5.93060662651 5.65247223782 0.868070372152 
4.39640533247 4.14398091613 0.577003615919 
7.17045031376 7.22769500654 6.21385485511 
6.20108214786 6.25595548347 5.34750814179 
5.42842627725 5.46891481475 4.68925191946 
3.96201706559 3.99382676235 3.42456849637 
2.75133932031 2.7732252321 2.35026052577 
1.87539694996 1.88649405421 1.57459807266 
1.19063076924 1.19213665235 0.987010376687 
0.704130079066 0.70439465489 0.579139609536 
0.510330752921 0.511979611446 0.434966977652 
7.40383006894 7.51492946482 5.5983843497 
6.33547054702 6.44237615842 4.77191898935 
5.54418652017 5.61588874378 4.20340200644 
4.01640181119 4.0622065173 2.8954724368 
2.73664731074 2.76047310849 1.96809369437 
1.85402477695 1.87207296183 1.31852395458 
1.13535944971 1.14232122826 0.756684244666 
0.664816930993 0.663749861372 0.454862832879 
7.11876604899 7.18370659865 4.1537851156 
6.1439186356 6.27977762496 3.46482695689 
5.30419614853 5.43453282956 3.02706549256 
3.89116761332 3.95807262503 2.11473355022 
2.78371424928 2.82622082364 1.43117375858 
1.89599055465 1.91339656437 0.882494167777 
1.20688132371 1.20062204786 0.54374612161 
7.09790348219 7.26034030587 3.10770563866 
6.16695194557 6.31128026971 2.60464325717 
5.30722177977 5.43563820962 2.28683196026 
3.90243850218 3.9955205427 1.51732014856 
2.79351433399 2.81724498468 0.952106125335 
1.91557083432 1.91976274747 0.568582531771 
7.07974048821 7.26392898518 2.40563521363 
6.22744022464 6.35990337416 1.89389405795 
5.36919976285 5.4904444389 1.64903066277 
3.97036589571 4.02274849623 1.00849040478 
2.83462980059 2.85263041566 0.585833068667 
6.10600113483 6.22245819999 1.32101286915 
5.40546399361 5.50135208746 1.09918617596 
3.94832963298 3.99925361054 0.648092592904 
6.4480514321 6.57224913574 0.996529878383 
5.32844995725 5.37770801047 0.842416385896 
4.01806640376 4.14425400403 0.505130116741 
7.20576057874 7.36597231826 5.46039501091 
6.10959775935 6.23461249317 4.63119068332 
5.343551786 5.47379877734 4.077213757 
3.73301244691 3.82507080352 2.8047503669 
2.73662174703 2.78749625082 1.9858647629 
1.86969751839 1.91051637188 1.3351541466 
1.13384153424 1.16525898787 0.761482268204 
0.624463216245 0.63544489167 0.431831694196 
7.13487965789 7.38783632467 4.18726066356 
6.17464312407 6.4060784817 3.58839538264 
5.1694925262 5.39167982857 3.03513685106 
3.7216179469 3.87806366789 2.03669237799 
2.67155848958 2.74453468184 1.43186409683 
1.79242918119 1.8706630012 0.853026603525 
1.13905074671 1.17773570279 0.521792886337 
6.76972214653 7.09789921165 3.11164559352 
6.06781987081 6.32146352918 2.64956578061 
5.01893015271 5.33858833857 2.17455133824 
3.70469432948 3.92083523827 1.44163649295 
2.62615569464 2.80880619189 0.892183200344 
1.72847211873 1.82355744761 0.500406199697 
7.16902893521 7.53016495315 2.35654227399 
6.04957478409 6.35309527035 1.91353628675 
5.15646251828 5.51561257204 1.62355245227 
3.68273646277 3.91048837518 0.960610089698 
2.64849765848 2.79062274782 0.670943337127 
6.96296376915 7.35946432324 1.6996977904 
6.17414780119 6.47411538353 1.41730041055 
5.17598630291 5.56708059667 1.07715771445 
3.75210757211 3.94016575589 0.732712124912 
5.87651766163 6.20023481607 0.919671332818 
5.27125499865 5.67749010414 0.777421938626 
7.22236824278 7.32886700918 6.33230011199 
6.38020855891 6.47091756588 5.57257086581 
5.35782514388 5.45867937875 4.69277408931 
3.88183729281 3.96169777365 3.38411180889 
2.72279745762 2.77340437614 2.34498231471 
1.78759233026 1.819549425 1.5280599083 
1.11109330415 1.13592623898 0.907510387992 
0.669430080166 0.678984371422 0.555049811329 
0.497256697155 0.505282563106 0.438425698218 
7.31121645366 7.52298647052 5.61485991445 
6.20004414029 6.38580301718 4.77495238372 
5.35499244891 5.53670048461 4.10395890721 
3.83467272231 3.97130746834 2.94434611276 
2.65304794496 2.75459826125 2.00946030524 
1.76686457998 1.83791467954 1.27216879105 
1.10996772474 1.16131350618 0.778439286838 
0.640246373237 0.669701696708 0.450487259259 
6.93624374915 7.28011816279 4.19094756566 
6.04489803142 6.34482941944 3.54757193656 
5.0307718564 5.33394572633 2.99403353801 
3.76751965878 4.01825062544 2.12836115106 
2.6256248052 2.79255084552 1.38984350159 
1.74812866085 1.87386941125 0.872922038975 
1.07790298602 1.15544059872 0.541905000582 
6.7770784032 7.22865555672 3.15564693428 
5.94287819727 6.3528044299 2.68346415751 
5.02881066253 5.46316662925 2.23640882666 
3.59457378696 3.89970816546 1.48972028725 
2.48740655778 2.71520166074 0.879901327954 
1.67571107041 1.85833781228 0.548008562082 
6.64058886923 7.15979349404 2.2697155279 
5.57765503698 6.06790969002 1.90889722663 
4.94144373038 5.43620738239 1.62303463742 
3.59146158434 3.967241912 1.00808087488 
2.53305475829 2.81676957777 0.620642937469 
6.65665694884 7.30337148172 1.61939014643 
5.97853439678 6.5484743072 1.55875720222 
4.98177688167 5.49408224562 1.13285585862 
3.62817441396 3.98457172808 0.754066748936 
4.78885623006 5.3844952554 0.862942721964 
7.15920562406 7.43676039858 5.48401642539 
5.9162478236 6.14935180368 4.60279485106 
5.07316352941 5.3075754262 3.88727610452 
3.82835606107 3.99865388967 3.00139146896 
2.60294461213 2.73199860374 2.01809775605 
1.75185519874 1.85351753277 1.35266031808 
1.12093554996 1.17618761242 0.872565074908 
0.605417061824 0.648436481414 0.448768012726 
6.7876101776 7.25385118716 4.10507878419 
5.7289374079 6.15325922254 3.58585889697 
5.00652104672 5.3754757427 3.11555595658 
3.55649894315 3.84983029756 2.1444677285 
2.53956436255 2.76500184426 1.5013693987 
1.66246949529 1.84580675545 0.906969531158 
1.04741910822 1.18175469183 0.528810619177 
6.48133639856 7.14058483135 3.19413742375 
5.68651526129 6.25725323796 2.79176344479 
4.75787229772 5.2575860237 2.31483327041 
3.54219895227 3.92026642344 1.59773522961 
2.39117640658 2.70250735872 0.981223856221 
1.6004287755 1.86380218944 0.586058929282 
6.12934995561 6.91995655429 2.40141952113 
5.44137874753 6.15732851432 1.98030891887 
4.68267270065 5.35855932988 1.7449451569 
3.49014788596 4.02550368393 1.11753320127 
2.3393795679 2.78494904236 0.664078606805 
5.23787317173 6.05993054942 1.38944962357 
4.62109237398 5.44431848936 1.16623180093 
3.34735911609 3.9406047946 0.844277962592 
7.21537899659 7.41044825528 6.45476649622 
6.01119443735 6.1805468548 5.35010462403 
5.21009186314 5.3562538204 4.63073631221 
3.73150381835 3.84415514174 3.3363802341 
2.59271753479 2.67962403346 2.34206436924 
1.77959995702 1.83947027326 1.60083902388 
1.14499431981 1.19399724208 1.02959778793 
0.644510692156 0.668706569706 0.571739492538 
0.466503388779 0.482242796186 0.425185724116 
7.0042319778 7.37040332356 5.61641054026 
5.98609182874 6.32338649974 4.93938535756 
5.07535470439 5.36379556998 4.04064315058 
3.71083465129 3.90469870152 2.93702780813 
2.56902880333 2.73924377454 2.05394340926 
1.78755039398 1.91446605793 1.41725614143 
1.06976871418 1.15398616745 0.850284078981 
0.649959080709 0.701637234066 0.510790209131 
6.6232659252 7.26783056588 4.33475212961 
5.62702488424 6.17235994431 3.76533762246 
4.94118760153 5.39151233375 3.27518628614 
3.4503433852 3.81577437166 2.25321039391 
2.34638751538 2.65335414622 1.4770458773 
1.57684914278 1.80262129619 0.967353219499 
1.05352279814 1.23902572971 0.621024655913 
6.3352658769 7.21572396802 3.31249204094 
5.38270403153 6.16964005029 2.93472675788 
4.56627166622 5.20848738727 2.43004071287 
3.33260430621 3.85453105316 1.69670331238 
2.28243347467 2.7181882415 1.07959001361 
1.48719913967 1.82331680509 0.652839037282 
5.16036572943 6.11460465593 2.19292831024 
4.44485219815 5.31146435622 1.90615667167 
3.14769989349 3.8233062066 1.27102776458 
2.10525864085 2.67947013969 0.688644076034 
1.41106900491 1.77541931095 0.524856016858 
4.97376716487 6.09036133667 1.70160794033 
4.25680927929 5.27390500487 1.37504361239 
6.5148210667 7.00088151179 5.63594110427 
5.71212355825 6.13083401452 4.94578890907 
5.06951420088 5.43490379436 4.46653765602 
3.72639231889 3.99249619781 3.24795522207 
2.55507057862 2.76748564311 2.24997894292 
1.68981013285 1.85327866395 1.48866882704 
1.06298842366 1.16701015062 0.926635406792 
0.603948364455 0.667747205612 0.533434368893 
6.26477215672 7.11111668301 4.859919068 
5.53364859537 6.30537674911 4.13363474943 
4.64190018216 5.31136422614 3.583894539 
3.46927747059 3.96122142447 2.664002392 
2.32818170681 2.70924197387 1.72272868871 
1.57564794656 1.86530622226 1.15559024395 
0.964938862625 1.16561849666 0.702857107563 
5.16828828973 6.21673395185 3.34791045491 
4.42380142761 5.37352597732 2.9734335297 
3.23531505699 3.9152012968 2.0635076249 
2.16073932793 2.70432864981 1.36190317231 
1.42169930901 1.86218390959 0.844936894612 
4.15743626235 5.34254311281 2.35946546849 
3.02845254024 3.89928177686 1.62118474443 
2.00654971273 2.72079977595 1.02066777196 
1.30739955224 1.8582218343 0.611911164217 
2.75952078168 3.81836379013 1.17276031087 
2.00438224655 2.79398573918 0.897643298293 
7.07404006359 7.38860721639 6.78352676131 
6.17536026522 6.43594795955 5.9450391137 
5.11283238161 5.33190244841 4.90456874422 
3.74133384147 3.88639627888 3.63257401772 
2.55219595278 2.68442058472 2.46522469863 
1.7401132497 1.82813462887 1.67414827691 
1.08215676094 1.1372997211 1.05446299542 
0.658639789017 0.697126480484 0.641313506261 
0.496103849283 0.520594230814 0.486173339316 
6.74154173723 7.31574315842 6.23221449114 
6.00825971583 6.47129958545 5.5353606978 
4.97142173496 5.37813950262 4.60087502512 
3.64583052096 3.98949711287 3.44318976935 
2.48563697018 2.7140932713 2.28988842649 
1.72236385664 1.89446989812 1.61961799506 
1.02234339352 1.12998057596 0.958670750817 
0.625057344344 0.692106258244 0.592152385153 
0.489390079473 0.534087699954 0.469656768534 
6.14854457724 7.10435889688 5.10219877234 
5.39752221185 6.21270170549 4.52571355625 
4.61184041616 5.37343612418 3.89832337283 
3.31746331896 3.87960104446 2.77206760286 
2.3210045614 2.75537661092 1.95372247237 
1.51490653544 1.81932666248 1.28239217762 
0.946657034661 1.16604368266 0.775815336327 
4.9715693203 6.16192629218 3.82811451817 
4.22538628589 5.27735797821 3.31623785795 
3.03351532038 3.83111129803 2.34549197626 
2.10924870467 2.72090295269 1.56858692011 
1.40213821756 1.8499533143 1.06107322131 
2.78317952503 3.79356695817 1.87719751203 
1.92341458637 2.72286421628 1.2758332636 
1.20801151285 1.79527383073 0.814195582516 
2.68374655958 3.95044967268 1.67683518973 
1.71745727359 2.66433943499 1.0152861229 
6.5236188723 7.15431473863 6.32198190683 
4.93414191977 5.40392760278 4.75978793555 
3.55740399021 3.91767729337 3.58374887382 
2.53393352408 2.77888385011 2.50602234714 
1.72124230222 1.90735421505 1.70727012253 
1.01116323936 1.12304279315 1.00928754281 
0.635206877911 0.7049602924 0.640699614354 
0.502172946345 0.556650524402 0.503909868716 
4.54251111248 5.37451174549 4.46136551294 
3.20341704457 3.80609460025 3.10030852353 
2.17683552377 2.66395476998 2.17990705158 
1.46700288625 1.78379722627 1.45664879899 
0.920606780004 1.16960790291 0.932846451185 
0.568566459886 0.696557829338 0.585296017647 
4.12684733855 5.25486862797 3.88441080571 
2.93290279393 3.79675799838 2.77650679251 
1.99615232031 2.66781850242 1.96182542695 
1.32077390148 1.80751907713 1.32305696594 
0.762016705694 1.08830709139 0.775555452616 
2.72603840136 3.8427080787 2.51867192804 
1.86467663959 2.73131029314 1.74885015582 
1.16357873555 1.79567123074 1.13794536832 
2.40500517712 3.74175489051 2.18506879257 
1.64119202321 2.69382978337 1.53641006686 
1.07741892767 1.80350492636 1.04547929677 
1.52312586389 2.62077934523 1.41690413439 
6.94813418391 7.29977517082 7.00005912916 
5.2198610306 5.46628062866 5.30148887568 
3.77188722864 3.95341871107 3.78982418574 
2.63110945747 2.75635040201 2.68022985712 
1.7623735369 1.85808655918 1.79944297316 
1.1005372515 1.16266992769 1.13155879448 
0.623474139251 0.658750064902 0.642274742896 
0.513085836652 0.539233814406 0.530984815414 
6.77950046112 7.42536172806 6.9973908704 
5.10499071143 5.60744784764 5.1632966426 
3.67482643242 4.00855317871 3.74708271904 
2.54931184848 2.82428532217 2.66826450165 
1.66595080705 1.84426537525 1.7342713893 
1.02441234793 1.14290084538 1.07555826653 
0.616337919492 0.688184437282 0.644583718666 
0.486499412909 0.534234829234 0.511733364868 
4.40782378954 5.22077247852 4.57152573435 
3.16134707188 3.78701541776 3.3149597976 
2.15125702441 2.64428329553 2.27329400307 
1.42118419521 1.76403793357 1.55533741282 
0.84718374783 1.0865977508 0.916643023746 
0.578255197331 0.705959029478 0.630644776532 
4.14021441289 5.35797613625 4.42200706739 
2.93752866232 3.80897629071 3.170127953 
1.99325166205 2.68049983769 2.19379057569 
1.31789202062 1.82963926617 1.45915900611 
0.776447667128 1.12369842818 0.895664646451 
2.62062110324 3.74700385568 2.8955904933 
1.69938469627 2.54871207285 1.94340752219 
1.11489546308 1.76276905288 1.32839675691 
0.676720006492 1.06606897228 0.832621670012 
2.32704994855 3.52643190935 2.68674962145 
1.65091324515 2.60745703791 1.93057838739 
6.56197452798 7.2163945599 6.89166155725 
4.95816159392 5.44729389531 5.18882027261 
3.4324628988 3.79541643297 3.60594265578 
2.48292776852 2.7444757467 2.61407278015 
1.65137170904 1.81885274845 1.76389762777 
1.01613550401 1.14079435055 1.12547027438 
0.606945707173 0.675749070208 0.660198991448 
0.453472201244 0.506331181282 0.484497777972 
4.37455733203 5.22186575009 4.7629305062 
3.22685621679 3.8705880305 3.58520158765 
2.14473426272 2.644725034 2.48285287509 
1.39604168332 1.7076643761 1.57960541262 
0.88126472517 1.12219700641 1.03348390361 
0.514810009621 0.650700063718 0.599221014117 
3.97941670418 5.19550555695 4.53653654833 
2.83407878273 3.72976390186 3.31122305113 
1.92283950638 2.61600144371 2.3434505359 
1.28293900568 1.76627370107 1.5724624906 
0.753342492189 1.09032275295 0.959682572148 
2.61952086468 3.7895635405 3.22830103657 
1.74661393234 2.63024248588 2.25502152248 
1.10466418684 1.73277419684 1.49713359102 
0.658211278239 1.03539477878 0.936514500381 
2.54425655602 3.74721669788 3.16984034394 
1.61163450188 2.57409522466 2.20052209405 
6.55955637282 6.90981304272 6.73596187405 
5.21491117848 5.44777812422 5.39375107788 
3.69324104136 3.88030250975 3.85607601795 
2.63927611384 2.77582811898 2.7791976537 
1.75500038671 1.8458216021 1.86821899882 
1.07180508442 1.13462202109 1.15647541411 
0.615587157346 0.649007854394 0.668189058183 
0.450508940741 0.481030520108 0.480695871148 
6.53211216906 7.17702502315 6.97486082206 
5.00272328593 5.5011788061 5.40210061529 
3.40066483552 3.7519557441 3.65724222049 
2.47394439484 2.72566475823 2.69083920436 
1.59518389067 1.78007089915 1.76187564913 
1.02362603 1.14644302677 1.13707909289 
0.589127124471 0.662988029328 0.664768026239 
0.457656151149 0.511766501218 0.514496388032 
4.39629944706 5.2577854258 5.03157659696 
3.22819609256 3.86187715925 3.70739496585 
2.16012186604 2.6552838046 2.58163316893 
1.42351147194 1.76282463889 1.74148420031 
0.88285774195 1.1341606368 1.11768719685 
0.484506726283 0.629032789282 0.619118813034 
2.82315589446 3.71984793447 3.5227742611 
1.94861694334 2.62652130114 2.56111788551 
1.24318440107 1.70879360351 1.6946998573 
0.742203552652 1.08169691217 1.0814543237 
2.59375858233 3.67717368568 3.49919857168 
1.71903127918 2.53965281441 2.39675127705 
1.10444304212 1.71120524997 1.67823600625 
0.704778224094 1.10795614458 1.10171583697 
1.62882626836 2.53972145774 2.42288361552 
6.51597658415 7.14890606531 7.09584785296 
4.92531459714 5.38027047493 5.37238328532 
3.5457398657 3.87937493212 3.89626521443 
2.46516588837 2.70711910684 2.77460207306 
1.62903772249 1.80714521248 1.84508559976 
1.04297554377 1.15926797711 1.21328126805 
0.613115244975 0.680977474654 0.729224623024 
0.453562999777 0.497766685378 0.524245632122 
4.46251222021 5.29576725984 5.31511623125 
3.18038572459 3.78904438784 3.81968321879 
2.10327491843 2.5751795504 2.68995365264 
1.44366556932 1.78607385273 1.86500291784 
0.860626757313 1.08747435565 1.16360142664 
0.511295356568 0.659148684624 0.716848461719 
2.96538390673 3.84697013902 3.93811034784 
1.98942491811 2.67340930509 2.78328890152 
1.27694325641 1.76922008517 1.90313192231 
0.774307583157 1.11346663887 1.23768181321 
0.476597528075 0.650802864768 0.737377357064 
2.67509041816 3.76874063324 3.90167561183 
1.7600649136 2.60258789685 2.77361620397 
1.19456668958 1.83589203697 2.00912186716 
0.725212550359 1.09893813027 1.252215521 
1.63533985666 2.58183386397 2.74088034802 
6.74900847178 7.05725626771 7.13070345516 
5.11967269798 5.36670080241 5.43718778829 
3.74518169914 3.91814794185 4.01990743266 
2.70644663888 2.82870861672 2.92758733598 
1.75104386808 1.83057425195 1.89069910942 
1.09619988918 1.15849204169 1.23095105917 
0.61809659561 0.653459908888 0.713120918067 
0.480308096124 0.51200650593 0.549527268783 
6.96197775687 7.52045217044 7.65304168229 
5.12324053043 5.57461493593 5.69411807008 
3.46570397657 3.80329895442 3.91015914996 
2.43936690738 2.68605231056 2.80932792724 
1.64884297046 1.82071555056 1.9383752395 
1.00796556099 1.1215154952 1.21725897159 
0.589591779473 0.65359973395 0.726519711606 
0.456964163698 0.510200575298 0.558044129925 
4.44907029694 5.24458915128 5.51080464848 
3.17072979974 3.7699016481 4.04450254743 
2.1608770775 2.61067819928 2.85687162973 
1.47646324851 1.80026034602 2.04523600674 
0.901960912924 1.11353445923 1.32909523461 
0.532096195786 0.65780743547 0.807681705218 
2.99196758734 3.83602371099 4.21277239111 
1.95935266416 2.60159958339 3.00139057115 
1.30228764474 1.74376763355 2.07417602842 
0.775677861924 1.09205758091 1.3612476702 
2.7463357851 3.77676844781 4.33823879687 
1.88177467932 2.70765331572 3.26604827087 
1.23905544346 1.8352609556 2.31017445431 
0.74302617838 1.06420632641 1.41647172639 
6.5837826083 7.19052099891 7.53460812308 
5.0455837908 5.45099453617 5.81468241196 
3.59291359221 3.90649819442 4.1994866173 
2.50037000068 2.7149293066 2.92846408088 
1.65239585114 1.81965168458 2.02069420384 
0.994783960097 1.10550539547 1.25642967652 
0.57828096823 0.640099291414 0.756434202356 
0.442310352012 0.478345461312 0.584533501847 
4.55405860369 5.27371434518 5.87667802107 
3.20719509399 3.77180156402 4.28391134498 
2.17954181722 2.62576894845 3.08903099995 
1.47454753987 1.7814776299 2.16005082693 
0.898622774325 1.10126480557 1.41248163655 
0.535785983281 0.637468040398 0.854091605058 
2.87112147577 3.63137382756 4.38028650112 
1.96554434706 2.56162038034 3.2047948985 
1.34470093923 1.76527337776 2.36802241605 
0.76087886511 1.04588859592 1.46220205909 
2.69595590598 3.56972873824 4.64586381705 
1.86307393045 2.6433012013 3.52406787697 
1.17763204912 1.74363559509 2.4953881294 
0.735472020819 1.06853957721 1.61903613007 
7.12409425854 7.38930108428 7.64658653523 
5.15190708058 5.33642529483 5.55246920311 
3.83375316917 3.9785796633 4.14447352063 
2.62552015647 2.74160842266 2.91887135023 
1.73461088349 1.80398949741 1.94649262495 
1.10626023567 1.15763928945 1.27250775313 
0.619013786843 0.646233594796 0.724631999123 
0.497003052306 0.513335426744 0.573815499577 
6.75851801368 7.24143509541 7.68694163709 
4.89852579486 5.26546388109 5.66729322159 
3.56687385078 3.8687206958 4.28057649857 
2.44483137651 2.66876186264 2.95653002882 
1.64603998981 1.79036719602 2.04367779775 
0.991268522159 1.10720909428 1.29492078148 
0.60364350399 0.665604978904 0.812465942658 
0.45850792349 0.502024243408 0.60883180887 
4.51252835683 5.2352071841 6.13318840038 
3.26547344128 3.8018787442 4.51691780904 
2.24115178852 2.63188230509 3.19664453195 
1.52712186449 1.80457469178 2.35875472626 
0.901061876451 1.09952282817 1.50576049792 
0.515220894321 0.620161322532 0.929399565655 
3.08180491284 3.83826134446 4.93746157849 
2.05826617086 2.61460670927 3.57131175268 
1.34202229357 1.73846575346 2.51738372892 
0.806367383736 1.07924859318 1.68899469251 
2.79737631333 3.64929823969 4.92198734831 
1.94552533792 2.6587756832 4.03915056787 
1.26691444953 1.7705020295 2.88307653392 
0.762730866898 1.06154508198 1.81192868391 
6.79724170149 7.2048415774 7.79932406306 
4.97389818971 5.30014734827 5.82457960217 
3.73859560356 4.00504546192 4.48822734942 
2.60431497291 2.79905421018 3.17839969386 
1.61953450123 1.76066239852 2.06777765994 
1.05237745046 1.14981842063 1.39504285789 
0.633652360315 0.689848234326 0.857736388231 
0.467112742176 0.507933349676 0.631831836428 
4.63577053767 5.27947241688 6.40460747254 
3.28554867956 3.77223059907 4.724835579 
2.22696525037 2.57949041539 3.31793446349 
1.40993270763 1.65894143447 2.22899509254 
0.860587692308 1.03122885029 1.48344737507 
0.538778430381 0.630327319672 0.983477147022 
3.1576780089 3.81983453058 5.26627913555 
2.09529199605 2.6228404825 3.87554005648 
1.38770123743 1.77421854311 2.77502619396 
0.835359468686 1.08339032123 1.8654701415 
3.00093431482 3.76537741009 5.57539553707 
1.93682428624 2.59404566651 4.31739764198 
1.28104607864 1.75828166342 3.16484650493 
0.8301289716 1.10034154165 2.11925489661 
7.09305893079 7.26113958479 7.58843320786 
5.20300591953 5.33611429711 5.67035277073 
3.87227787791 3.97765226826 4.19392025233 
2.65448103704 2.73914538826 3.0408746572 
1.72923037529 1.78104825517 1.97333712462 
1.08205825039 1.11785683338 1.21924364741 
0.614280278569 0.635920904198 0.717714032683 
0.485811237439 0.496605401976 0.584075682183 
6.9557996872 7.28776123853 7.81873824005 
5.21773776237 5.48215244784 6.10560599783 
3.65191431215 3.84772461833 4.32486253508 
2.52481259664 2.68411957646 3.10278452454 
1.74673329905 1.87176149374 2.23769025618 
1.05840267789 1.1444896256 1.43279415135 
0.619885437205 0.666694772112 0.861873952567 
0.440813027664 0.47507459581 0.614889375928 
4.65304942757 5.18710211674 6.47111831989 
3.42248861414 3.82987004403 4.9934201151 
2.36198350333 2.66089620009 3.53957648634 
1.56420034407 1.78570126656 2.5091637613 
0.955301286504 1.08876388749 1.62145607778 
0.58141876776 0.655338090542 1.08009509017 
3.28669235023 3.85313483354 5.58830966807 
2.25473814454 2.68186459626 4.07343741576 
1.41168136212 1.72653892877 2.9224719763 
0.931868210304 1.12372014411 2.02344664326 
0.495497574114 0.590890926234 1.14858170112 
2.99356747314 3.67620613504 5.99246960308 
2.12226443927 2.64522299661 4.70489929527 
1.41342975224 1.79073932471 3.4833812066 
0.871510274422 1.06581623786 2.26639754761 
6.86436661002 7.11619511482 7.80991869513 
5.23574802861 5.43233390066 6.02249909036 
3.79655736647 3.95587134034 4.53429367415 
2.6456460542 2.76305443283 3.24684431756 
1.69960081888 1.79983444422 2.19100229727 
1.08556485129 1.14825645827 1.45879827726 
0.632700885945 0.671274260774 0.897286408509 
0.458371987982 0.48122352962 0.673808518046 
4.99366736516 5.43185164641 6.93397618912 
3.40840787364 3.73794013699 4.88536122993 
2.36629027268 2.6026628558 3.53013582669 
1.60572851723 1.7837508764 2.54606455296 
0.9941176416 1.1009026666 1.73143876535 
0.57963986867 0.63826758772 1.10327395651 
3.20708648242 3.67009177784 5.60417123591 
2.21330401496 2.54556618988 4.07159762761 
1.48619215266 1.70465221732 2.93302558153 
0.914533367514 1.06269869211 2.0678812331 
0.543891014196 0.621068506332 1.30494611677 
3.19570927157 3.77863093214 6.63716762667 
2.26967647864 2.69569518495 4.86571304862 
1.46602991391 1.75210537892 3.54745568919 
0.888154020805 1.05386315755 2.49549245547 
2.09949320805 2.5262294449 5.1321561346 
1.38769470274 1.71698044084 3.83949541614 
7.26817525385 7.35025645502 7.73302575192 
5.38385998321 5.45887999509 5.85202237198 
3.86326359702 3.91048717084 4.21677804726 
2.74744435456 2.78874664964 3.02153227153 
1.8302106828 1.85996627152 2.05367272754 
1.15828068394 1.17653964144 1.31329497755 
0.691380424925 0.699536792862 0.825858627732 
0.503675736817 0.51265074048 0.602732174328 
7.14050960909 7.3000400945 8.02201779479 
5.19705069001 5.32253585713 5.95379957197 
3.78568289805 3.88750879375 4.44630851722 
2.66717644083 2.7618415159 3.23710914209 
1.80509789043 1.85573286048 2.26679644204 
1.12039381607 1.17191861663 1.49606885411 
0.656641770229 0.684738325712 0.91971340651 
0.53777179358 0.55884372652 0.780625743625 
5.01775034759 5.2935827261 6.9096512143 
3.67166832037 3.87446494202 5.11348570867 
2.58406696546 2.73644399721 3.76159828709 
1.66302057704 1.76707474162 2.60819123286 
1.04343763566 1.11959292449 1.8048924644 
0.638411896653 0.671905826788 1.16583014335 
0.516618478973 0.543641701902 1.00537593983 
3.54274449363 3.84459218889 5.83575713916 
2.39104106606 2.6070041291 4.26878653952 
1.62150682193 1.78332895471 3.1155403886 
1.04230840712 1.14362071597 2.20687529607 
0.592850183128 0.62320632689 1.36477120473 
3.4643541719 3.82981808951 6.82458906531 
2.33676543141 2.61194127183 4.91117584362 
1.57800354038 1.76421384367 3.66505522842 
0.945595361949 1.06670306358 2.52286224374 
2.33248412868 2.65250677449 5.77155676296 
1.62425147723 1.84073684549 4.22401271171 
7.03551190624 7.13269827054 7.87834092347 
5.24821725097 5.31496834201 5.95174197495 
3.78027861853 3.83153793359 4.3571848082 
2.60855861156 2.63248373097 3.08471332837 
1.72891952507 1.752758036 2.16198981851 
1.12472932772 1.14388404246 1.47201038726 
0.636707276015 0.64633646272 0.888317726259 
0.518486101255 0.522308082086 0.750414807093 
5.21327999371 5.34273859213 6.99347274195 
3.64310766921 3.75672888245 5.01010640369 
2.46424836991 2.50768543876 3.54978973965 
1.73105133452 1.78523761769 2.63894109798 
1.06431826014 1.09989756912 1.78354345677 
0.656831690134 0.662282718306 1.16942362357 
0.471422835927 0.473732379238 0.866599859732 
4.83658373908 5.03366925634 7.29986968579 
3.6584267551 3.80855788118 5.92270265401 
2.56169438762 2.63586563451 4.4062650692 
1.68302210244 1.75664290158 3.11890234847 
1.07791935708 1.10660307977 2.1696292789 
0.631363854056 0.642766484238 1.41954238021 
3.66231750725 3.82026559795 6.89428032618 
2.60718512787 2.71669646319 5.27021429134 
1.6259801216 1.70053081101 3.61156504642 
1.03690045856 1.07326442531 2.63245665242 
2.47077054762 2.60901990036 5.81072596418 
1.64802580341 1.73133402316 4.34433241048 
1.02025258389 1.08881543414 3.16399414427 
7.08654015795 7.10313342684 7.39664492029 
5.29311570453 5.31056361491 5.60947755977 
3.9633151422 3.94094229176 4.3293848337 
2.77526388522 2.78196212687 3.05760251033 
1.83869876198 1.83935121081 2.03367236535 
1.12011274534 1.11600815215 1.31226346274 
0.670308386429 0.666637637324 0.809515898961 
0.470733859357 0.464962027984 0.575144067513 
7.22957659616 7.23017236541 7.98453960605 
5.30520846705 5.32266048629 5.90358282458 
3.9820623853 3.98803599957 4.56071032215 
2.75232861383 2.75783516793 3.25476572244 
1.81052761913 1.80268018482 2.22863680454 
1.13790189123 1.12895662495 1.48649141594 
0.66132396734 0.650734737452 0.909645852934 
0.489904481785 0.472325556688 0.657880388943 
5.19688512488 5.24233602508 6.67446958822 
3.84861141563 3.86998874632 5.07440104276 
2.59798311672 2.59666872028 3.60149453967 
1.79826706941 1.79024858046 2.66519232316 
1.1319900226 1.11681548181 1.80769294897 
0.664965274697 0.649863078372 1.18918300093 
0.490995204257 0.473989271578 0.910377944799 
5.08255459894 5.12801021725 7.37942575448 
3.99276987845 4.01487237712 6.08103782637 
2.66959922393 2.66145587436 4.35368592684 
1.78837100994 1.77157312208 3.15972892218 
1.0945559812 1.07411647908 2.07599167889 
0.689153484639 0.660970467254 1.50501032372 
3.68086033213 3.6913722696 6.55792120773 
2.59801422289 2.58963968217 4.97623388534 
1.73383231197 1.71149342993 3.5864338959 
1.08001290591 1.05445073343 2.53378965038 
0.670245960747 0.618697483618 1.69637442197 
2.52047618382 2.54397110641 5.60012389495 
1.7326688803 1.7024290031 4.20217015233 
1.15158133308 1.09067326855 3.14000287356 
1.81345680892 1.77132644388 4.76659902977 
1.06895279876 1.01241744532 3.21876468477 
7.34658360586 7.30698137814 8.04479580206 
5.34410958543 5.30692085698 5.87276322176 
3.90736462956 3.86525951211 4.41064169042 
2.75072201508 2.70030300069 3.18344117379 
1.76900047157 1.73430847116 2.13121830065 
1.1665438322 1.13080862974 1.46562068345 
0.686439015047 0.648124490114 0.937677946406 
0.538798530415 0.514040458912 0.737809938574 
5.23791208087 5.14750122819 6.72936512562 
3.76729832145 3.65993415103 4.90234951815 
2.75330586712 2.64399520695 3.62999741241 
1.83525143778 1.76960887372 2.53526557966 
1.20052106514 1.13120889567 1.8314311265 
0.71544461794 0.66005769186 1.18608473411 
0.526845843595 0.477519649234 0.926536273512 
5.34159467537 5.20652040659 7.13628648882 
4.1019422297 3.92341724636 6.00858778027 
2.85654121132 2.7016097033 4.3662745852 
1.87749182747 1.75673344501 3.06549509348 
1.20715753411 1.10055925629 2.13142783437 
0.749964881158 0.653989373182 1.48342391975 
0.55627999457 0.480331655258 1.11790104701 
3.99820967946 3.79894428343 6.47647742957 
2.93150735197 2.6877223897 5.09291302596 
1.95734871083 1.77772312036 3.67288532657 
1.25949022583 1.11383723711 2.59323337209 
0.825957963235 0.697162495196 1.86981044667 
2.8946159079 2.64412985039 5.43156983089 
2.05612288103 1.82128815164 4.35892690718 
1.29501092221 1.1135997534 3.03604080315 
0.788978679105 0.64974173652 2.03035942889 
1.99979493619 1.74638748553 4.65261586671 
1.24021097141 1.04224812063 3.11841082185 
7.57809549962 7.54835037244 7.92663091732 
5.42359606148 5.39520306603 5.69858472313 
4.05622572569 4.00335809235 4.31158795287 
2.87309070854 2.81916832102 3.09679271114 
1.93476319775 1.90306693025 2.08936839448 
1.2232410607 1.19656390545 1.3508762594 
0.732747285693 0.715359876406 0.857641430995 
0.536409197045 0.521972796214 0.620434204192 
7.55002177811 7.43978788002 8.17335376144 
5.46813207037 5.3696665536 5.94443797789 
4.04132802592 3.97660562951 4.51008584904 
2.89616555631 2.80970241608 3.31639433629 
1.89881813285 1.82684718848 2.22472214864 
1.23664977084 1.17443206695 1.51241636592 
0.738094044708 0.690115900632 0.950698986513 
0.575787273275 0.53711885212 0.735619113043 
5.58578714362 5.36048356779 6.82487313772 
4.06470174174 3.87519505219 5.07836828795 
2.85547946912 2.69616587481 3.6810984942 
1.92195142718 1.78423872688 2.58185922841 
1.28846923917 1.16614943222 1.85339635052 
0.775249624212 0.68269700745 1.17489886314 
0.577723263783 0.505159030082 0.888741063875 
4.23835650524 3.92880837024 5.88602390955 
2.94587306583 2.68962497308 4.24916485192 
2.06129808045 1.83575784422 3.14663856547 
1.36421906307 1.17410331277 2.20079753792 
0.839519714285 0.697765411708 1.45592469108 
0.594752046061 0.49404364362 0.99862362837 
4.26144535605 3.89010323441 6.26295269827 
3.16589663552 2.79232761014 5.02409302293 
2.08378667869 1.78082127133 3.54575819118 
1.43060154111 1.17464547084 2.58653111122 
0.820655247742 0.652132886766 1.58012580242 
3.14060126912 2.7013651648 5.35788918443 
2.26999899681 1.86251489808 4.22933620843 
1.4542350671 1.1305623707 2.9844000836 
7.54827333868 7.40619982999 7.97642864949 
5.79789446349 5.65789269765 6.22927749519 
4.26352609984 4.14200946167 4.63053131386 
2.95821538223 2.83491142194 3.29843270512 
2.007694215 1.91889285784 2.26968910578 
1.24329890324 1.16574329389 1.46442411209 
0.760189509245 0.700777641072 0.924061276229 
0.574889556845 0.526919936678 0.688160091722 
5.83545276024 5.5099468267 6.83365853563 
4.25950362017 3.98073163326 5.12559800932 
3.01318156421 2.76168179437 3.67253384912 
2.04269704135 1.86252231163 2.60038286931 
1.3304553973 1.17072020437 1.77242501092 
0.834988806702 0.711773163214 1.15576502634 
0.613888027167 0.516073773506 0.881013343882 
4.42328961541 4.00082608698 5.78075703218 
3.1571282879 2.80435846872 4.25418686777 
2.10254061496 1.80950273029 2.96768647665 
1.39494758587 1.16699383498 2.05489461808 
0.872610477491 0.689079082552 1.31937431327 
4.58867818861 4.00556491727 6.37076873918 
3.26769445972 2.77573071688 4.77259848968 
2.26982600113 1.864464062 3.47569222998 
1.50932156681 1.17996581781 2.33866710034 
0.887672979525 0.669098530724 1.46457229473 
3.28130735996 2.70603665506 4.98627842453 
2.31689884706 1.80710266605 3.84442152827 
1.55405926492 1.15248882114 2.65250898753 
7.3172242655 7.22253004661 7.48003878329 
5.52617808841 5.46388616491 5.67402787262 
3.97066465355 3.90083996575 4.12941565961 
2.78975736036 2.72712765626 2.93579593662 
1.85202962764 1.80000198621 1.96501233669 
1.15447172603 1.11118338408 1.24844379846 
0.689444326092 0.648841445622 0.767683262618 
0.543273898608 0.51526055903 0.588627473612 
7.48097241148 7.32316321771 7.79807454121 
5.68556176122 5.52469895465 6.08268116477 
4.13900770991 4.0043996582 4.45045605213 
2.96237762549 2.82996289504 3.24168577938 
1.98689866242 1.86688462424 2.16864207139 
1.23748035101 1.14105725243 1.40300029115 
0.737581096589 0.666560288436 0.879903443334 
0.539237002041 0.476040870062 0.656649880923 
5.8955982545 5.51525321413 6.58458460123 
4.29661698535 3.97557788357 4.93022480118 
2.98742397697 2.73170205632 3.53711951586 
2.11359862018 1.88276378996 2.50768670605 
1.33536041744 1.14813971014 1.66159990734 
0.828663062662 0.690130315638 1.09140974057 
0.609950551939 0.515075498608 0.790500184821 
4.48875820549 3.96587629221 5.40079008335 
3.17245886013 2.74161788005 3.97204393671 
2.13773954037 1.81318887057 2.73946613569 
1.43136719318 1.14443977217 1.88357445495 
0.892708147364 0.67412109801 1.23531575534 
0.658617318121 0.506346448286 0.832065332429 
4.56588819411 3.92707376132 5.89100466987 
3.31623336387 2.73205909464 4.38469870045 
2.34106646215 1.86584428701 3.22439107493 
1.51475222546 1.14340323134 2.18237019078 
0.903920166154 0.655965006964 1.32302510777 
2.63471202333 1.95192119609 3.6204305716 
1.61545563081 1.17265512738 2.40819948786 
7.36722636705 7.15003070953 7.44796996223 
5.48847865276 5.30239018123 5.63025930622 
4.07983968897 3.90725931825 4.21278528815 
2.9157579811 2.75960400674 3.04707762905 
1.97713734485 1.85078731347 2.08171087768 
1.2564945753 1.14218098856 1.35020176533 
0.770543374416 0.681157777784 0.865108623057 
0.54849768893 0.492057389366 0.599034488319 
5.84734026877 5.32924794647 6.12359576668 
4.42930632221 4.00263454678 4.72363911782 
3.06812597252 2.7429809148 3.32299630685 
2.02526077227 1.77637273355 2.22107194839 
1.34408595517 1.11889798147 1.54746868952 
0.855459895979 0.692513600696 0.984114994506 
0.63885963075 0.507296903824 0.750047380062 
6.23914170576 5.48873020088 6.67192877384 
4.50217051942 3.86910860954 4.90410410679 
3.27547553792 2.74582479982 3.68904180253 
2.23317849172 1.81759511571 2.58546723608 
1.47912950373 1.15499438724 1.7611037443 
0.932348704589 0.676979474586 1.1048579088 
4.91782640903 4.00779827389 5.48320551533 
3.59888274221 2.84897966435 4.1235989102 
2.48240550937 1.89205825728 2.95245176904 
1.57811773429 1.15923176093 1.96243898766 
1.06521452363 0.710001070626 1.36546230056 
3.61731993607 2.76470140529 4.3498237383 
2.63841394349 1.89485146764 3.23054399002 
1.75386453937 1.19221950658 2.18196929887 
7.24631901663 7.13383501781 7.23580845683 
5.4217311194 5.32200595912 5.46834976209 
4.04520208307 3.94754906622 4.10265373345 
2.8611491527 2.78801045906 2.91893278182 
1.86538721142 1.79953061565 1.89604349302 
1.19209849836 1.13367148676 1.21263251962 
0.727419132826 0.691083159242 0.748502702121 
0.569068623884 0.521943629124 0.587448605923 
7.73102183996 7.47821541499 7.66656125516 
5.7454893796 5.51765341127 5.72203930802 
4.06753385198 3.88172440279 4.13934776632 
2.96616452048 2.79925580976 3.02301968541 
2.09869704729 1.95013361709 2.15008013942 
1.29281377025 1.16688736925 1.3515919795 
0.790857931971 0.702317030136 0.82906022426 
0.582804551369 0.51202225101 0.62063716461 
5.98973623268 5.46766747537 6.04772522418 
4.33444857901 3.88781093146 4.42275729645 
3.02075191486 2.68660054396 3.07628337584 
2.16210958884 1.87434953019 2.2475713292 
1.35401210909 1.1247078855 1.43927946419 
0.841384008542 0.665667670612 0.921808462161 
0.70440951869 0.54433581254 0.769074002859 
6.30947468043 5.39814065356 6.32559616897 
4.65900809786 3.93423317631 4.69715160608 
3.3891222367 2.78035403135 3.51401899979 
2.36580018111 1.89805952818 2.50014109179 
1.53125760164 1.15027270531 1.63345614329 
0.940934417827 0.681583685964 1.03568761176 
5.09716369005 4.046517254 5.1658196512 
3.60555749555 2.78748413835 3.68608128862 
2.44113649692 1.81195629054 2.57702322188 
1.63228629578 1.15545819412 1.77799480316 
1.05533008271 0.692459677008 1.16985588639 
3.96039488516 2.89004442262 4.07701231431 
2.6770937267 1.86371022526 2.82259134502 
1.88871308556 1.25303380707 2.04921256458 
2.80404691342 1.87396981169 2.940795744 
7.63077651893 7.34586347301 7.45601294673 
5.67042808037 5.44224119093 5.60440631445 
4.29161523634 4.1041993004 4.22677299336 
3.03252253381 2.83273008523 2.97463731767 
2.02603058689 1.89003618497 1.97204256393 
1.28633413782 1.15889003817 1.27189181416 
0.788646682993 0.68668923195 0.782207823025 
0.622441646313 0.53675731796 0.616753101086 
6.39778728314 5.76927349873 6.0306805093 
4.481441507 4.01735725345 4.28854264785 
3.31334614092 2.91565196762 3.16290888011 
2.21725155354 1.90951453675 2.13903307347 
1.47860723882 1.21681604953 1.3937345539 
0.897773155228 0.695861640406 0.849114946681 
0.679607278346 0.534482518186 0.668563008766 
6.55612215532 5.55442183139 5.967676364 
4.76683592591 3.98402651938 4.4023816456 
3.47712152015 2.84504269368 3.23793237664 
2.43664963274 1.91907686563 2.28205258001 
1.63310316446 1.2388461537 1.51525927276 
1.01191395377 0.736676122024 0.941523258872 
5.28544449939 4.15522730903 4.73771774763 
3.70622685493 2.84324062416 3.34105868978 
2.76509756828 2.00783078939 2.4020262545 
1.66119310106 1.14954944966 1.50429875649 
5.40300338022 4.09641996828 4.80280969138 
4.05171616976 2.91909311806 3.54753659367 
2.92239150251 1.99812358173 2.5822873519 
1.88243295042 1.2007654327 1.7056822864 
4.15808621632 2.84561401516 3.54718799505 
3.09081912707 1.98323435929 2.70449097989 
7.65278922619 7.50025980986 7.44929652697 
5.60088117491 5.47888865584 5.48225065363 
4.20991314671 4.10129008115 4.14811492413 
2.91907077891 2.82873208358 2.85437033579 
2.00900518213 1.9362803327 1.94622391027 
1.19693675348 1.13283862884 1.15115969576 
0.748771840779 0.705764634124 0.725382330686 
0.570942287966 0.53147685452 0.562133964716 
7.6876715294 7.42365298816 7.3153943306 
5.75756138264 5.52337128754 5.52017197958 
4.08668321739 3.87781389891 3.89575493263 
2.91755853663 2.7148098323 2.74032362546 
2.03075941661 1.88124789976 1.93538812521 
1.31987546397 1.19099720555 1.22916656256 
0.781785956912 0.677899516314 0.716245238913 
0.599741653648 0.517976763282 0.553996741467 
6.15076819798 5.54513563382 5.54406550356 
4.46014049764 3.95653881211 3.98556830014 
3.15056780321 2.74817061352 2.78018722049 
2.21468560274 1.87198816614 1.93152802126 
1.4553673476 1.18496430606 1.23604131649 
0.87838317736 0.666032717468 0.746150308943 
0.668070225025 0.521367459796 0.577134707192 
6.42733685807 5.43688965793 5.37595814972 
4.83664583193 4.01557549016 4.00739182525 
3.58612250876 2.89796873454 2.9100909521 
2.36241348253 1.84942541422 1.92715011163 
1.66530157573 1.22931725847 1.32442676126 
0.965239829663 0.686631773894 0.7761424738 
5.29232885471 4.11266584415 4.21755438666 
3.7283707651 2.83055641095 2.92083238471 
2.74685647734 1.97494137826 2.0268727792 
1.81900674327 1.22978282912 1.31172088813 
4.05037372462 2.88712160237 2.98375426414 
3.0494522971 2.05085673836 2.12829949108 
2.07036312543 1.3000134959 1.4032356961 
3.24756928194 2.08817323846 2.14230403692 
2.1698288715 1.30662625157 1.43787815725 
7.91288305819 7.5895973693 7.47693487804 
5.89337035437 5.63859804119 5.58179908927 
4.31210348585 4.09117656977 4.05146943614 
2.97698500148 2.79183162768 2.75488145103 
1.9745104439 1.8180758582 1.78611251104 
1.2747687298 1.14434138705 1.12998204363 
0.790272102637 0.677499965244 0.68467912363 
0.607993923266 0.53045834457 0.557497137646 
6.30008693651 5.6508864533 5.38053131266 
4.5905533716 4.09313564708 3.92311391701 
3.09380276131 2.69750765772 2.60131202131 
2.24845034678 1.8983069429 1.82679718817 
1.46841417138 1.19014156648 1.14820552655 
0.874407657102 0.665278149768 0.676062072441 
0.660821561204 0.517977462778 0.529186310261 
6.59101217104 5.5419687433 5.1429053802 
4.93047522186 4.09340299308 3.83905991866 
3.46510427209 2.79452264246 2.63064856085 
2.46897365846 1.90956682761 1.78818389552 
1.60768492288 1.18370220631 1.12479887996 
0.979679720955 0.682570733138 0.678469863945 
5.35878295743 4.14998298792 3.68136052336 
3.90172506037 2.95425897779 2.6552988222 
2.59734849053 1.8613753196 1.70566366925 
1.76375727348 1.18590927634 1.10890651203 
4.24604086748 3.00341008382 2.67464940108 
3.05535566129 2.01214970749 1.80090000664 
2.05747361845 1.27004703698 1.1359072169 
3.13589699668 1.94879888261 1.72289864018 
2.0582902901 1.21995276597 1.13251797618 
7.67937039641 7.57492770056 7.4230321284 
5.62608659176 5.51068358701 5.48160462292 
4.1075162656 4.00022798637 3.947183852 
2.95280894279 2.85827199238 2.83483135826 
2.00582234756 1.92648848534 1.91740544182 
1.22470763434 1.16111158737 1.14516587607 
0.781725485433 0.730147275548 0.7406374741 
0.554048756257 0.515245475044 0.514583895037 
7.8743584819 7.63450691734 7.4542100965 
5.75464746897 5.56354610885 5.40628169971 
4.4411411483 3.94291810486 3.62814365054 
3.00308451111 2.81074356018 2.68336589293 
2.01577488277 1.86525780611 1.80768162994 
1.33681775484 1.19467520882 1.13985521308 
0.791592296106 0.687630302092 0.658257940546 
0.646747973332 0.546872891996 0.521300563636 
6.23661542327 5.60244274107 5.06345936118 
4.4411411483 3.94291810486 3.62814365054 
3.23001497397 2.80861132623 2.57329121554 
2.21506766006 1.87498645213 1.69691469244 
1.44005328522 1.17071912154 1.05322431928 
0.896409291184 0.693241162506 0.62295170392 
0.791806108442 0.605001371024 0.599037629834 
6.55456244565 5.51041113844 4.82789707542 
4.81542109514 3.99509932008 3.44758505152 
3.53458836034 2.8478924783 2.41296893888 
2.38698877045 1.86554178233 1.48884046014 
1.64052092992 1.21880813122 1.02890646779 
0.940758857263 0.651402482978 0.56757485579 
5.24673856443 4.08748139116 3.36685529969 
3.84369269825 2.90746725126 2.35673433438 
2.68354545094 1.92291878738 1.54727390984 
1.81381341299 1.21367231531 0.972556328561 
4.08786544855 2.89828752723 2.25600237744 
2.95460721006 1.96777914491 1.50054566194 
2.03817011372 1.25547733174 0.946096765251 
3.44932290261 2.15302269676 1.53887137201 
2.12272915328 1.24207592568 0.911526340199 
